http_status_code
             308
             426
             409
             203
             400
             102
             301
             412
             307
             425
             206
             306
             205
             501
             206
             503
             410
             415
             302
             206
             407
             304
             417
             201
             412
             416
             413
             431
             301
             207
             422
             226
             306
             426
             506
             431
             402
             405
             414
             508
             406
             409
             303
             511
             400
             423
             417
             507
             507
             413
             421
             417
             413
             412
             403
             418
             103
             401
             511
             412
             202
             412
             102
             403
             300
             506
             415
             502
             306
200
201
301
304
510
406
301
202
414
403
502
508
510
506
506
508
500
206
405
206
451
511
308
415
403
204
504
303
304
511
201
201
409
403
305
300
416
308
304
415
423
510
500
401
308
506
200
425
503
503
504
407
423
208
207
508
404
507
405
417
404
409
401
511
410
414
304
425
200
203
409
421
102
414
421
401
413
421
422
423
408
428
208
402
411
508
500
405
402
429
204
506
201
204
501
203
100
451
207
303
205
407
414
510
412
101
425
100
300
414
412
422
207
300
207
506
413
503
412
411
404
422
200
414
506
417
301
451
101
428
510
408
305
303
404
411
408
303
406
407
421
502
226
421
100
206
300
401
409
451
409
506
422
414
503
407
409
206
100
431
431
424
407
300
500
417
510
226
407
424
103
405
103
415
507
402
412
306
304
425
404
403
511
103
300
501
307
400
408
103
510
415
203
101
413
507
402
416
204
402
103
503
414
204
507
431
103
421
407
301
407
501
402
425
414
511
410
302
102
200
421
421
100
302
504
507
412
508
201
205
409
200
504
226
415
504
412
203
307
226
415
203
203
202
303
202
208
418
302
415
307
307
404
204
415
305
422
406
428
301
302
406
507
304
208
226
203
305
414
202
308
305
414
451
200
501
508
306
503
417
300

406
303
424
407
303
205
403
205
308
207
301
402
414
500
402
510
308
306
404
501
504
424
417
431
416
451
206
208
414
421
205
406
304
428
306
501
301
402
102
451
407
100
103
451
416
202
503
422
506
305
300
203
503
411
504
412
403
410
102
305
411
302
510
404
422
406
308
226
415
422

428
404
409
409
502
415
508
205
413
411
206
401
451
410
431
431
417
415
303
207
422
410
306
306
451
201
307
206
305
425
505
506
413
410
408
415
414
406
451
306
100
300
408
413
101
421
422
451
500
415
208
407
426
510
203
500
429
428
406
206
308
504
306
308
423
303
405
103
401
205
400
428
505
100
301
203
401
103
409
304
226
412
416
403
103
401
307
410
409
201
431
303
204
500
403
502
423
206
202
412
403
500
451
200
411
411
207
302
507
404
303
415
400
205
431
102
401
208
409
403
413
404
226
103
403
511
405
400
414
302
451
415
506
305
451
407
510
409
301
302
411
506
412
103
417
502
401
400
207
307
501
308
501
404
411
306
301
502
301
300
208
411
502
429
302
416
103
510
403
422
415
426
413
415
418
301
100
412
200
412
421
102
204
503
451
510
200
200
429
410
413
416
401
508
402
423
303
505
400
504
226
431
500
101
424
402
226
502
500
506
300
431
431
413
500
414
204
428
408
502
506
423
423
500
411
429
415
428
418
202
415
416
503
303
406
306
304
417
306
208
411
508
428
404
503
504
301
204
414
423
414
508
500
207
504
418
408
424
208
303
203
208
400
502
507
409
100
102
207
300
507
431
425
203
400
102
510
407
100
451
410
503
101
511
415
207
201
301
431
402
103
206
201
412
426
400
308
101
405
103
100
101
103
307
407
206
100
411
502
208
304
401
412
207
417
103
421
425
100
508
206
403
500
504
200
405
300
502
301
404
202
100
426
425
203
401
201
307
308
203
431
409
403
409
423
203
500
422
411
207
103

406
426
407
205
507
508
403
410
207
511
406
102
425
508
304
400
307
413
306
400
102
508
205
102
429
302
501
508
409
405
415
404
408
102
301
304
402
422
301
403
501
415
300
203
424
407
204
100
302
403
406
503
301
100
511
401
301
200
301
207
451
410
203
407
506
226
303
501
103
306

308
506
413
304
428
504
305
511
208
401
423
510
418
102
300
306
421
207
418
401
413
102
404
422
501
101
422
416
504
207
421
408
425
413
226
428
103
414
208
201
405
102
503
205
412
200
506
302
402
100
429
201
501
202
103
502
415
411
451
207
208
507
400
102
101
424
423
510
410
407
205
413
429
502
415
421
307
306
428
301
205
502
413
408
507
405
425
423
302
501
304
300
423
402
200
402
425
422
506
305
400
400
301
422
301
102
422
411
303
451
301
408
307
410
500
421
406
425
301
307
226
406
304
416
103
426
403
201
100
429
504
414
303
508
102
306
404
506
206
502
204
102
507
411
203
426
507
501
201
403
207
424
306
302
451
102
401
412
511

